#Sun Apr 8 11:45:00 IDT 2018
a=1
c=2.077294686
s=5.5
D=0.214
J_ex=3.95e-3
#[J_ex]=K
precision=0.000001
tol=1.0e-4
#locations
num_in_cell=4
0loc=0,0,0
1loc=0.5,0,0.25
2loc=0.5,0.5,0.5
3loc=0,0.5,0.75
#Ewald
alpha=3
real_cutoff=10
k_cutoff=12
#constants
mu_0=0.2428284177e4
#[mu_0]=(T*a)/A
mu_B=0.3462955026e-4
#[mu_B]=(kg*a^2)/(T*s^2)
g_L=1.25
k_B=0.0515540067e-3
#[k_B]=(kg*a^2)/(K*s^2)
#print_and_save_each:
obsPrintSweepNum2=1100
obsPrintSweepNum3=20
obsPrintSweepNum4=100
obsPrintSweepNum5=5
obsPrintSweepNum6=50
obsPrintSweepNum7=30
obsPrintSweepNum8=20
obsPrintSweepNum9=15
obsPrintSweepNum10=15
