#Thr Mar 4 17:52:00 IDT 2021
#a=1.33555,-0.165169,-0.471266
#b=0,1.25817,-0.448004
#c=0,0,1
a=-0.25857698036738,-0.09182746019752541,0.9603430499711932
b=1.2676399478585705,0.39071827411333043,-0.07965196320688474
c=-0.44183577847448624,1.274681524880277,-0.4848259797892014
s=10
#J_ex=3.95e-3
J_ex=0
#J_ex=2.0e-3
#J_ex=1.58e-3
#[J_ex]=K
precision=0.000001
tol=5.0e-3
#locations
num_in_cell=1
0loc=0,0,0
#Ewald
alpha=2
real_cutoff=10
k_cutoff=12
#constants
mu_0=1.19452e3
#[mu_0]=(T*a)/A
mu_B=8.37985e-6
#[mu_B]=(kg*a^2)/(T*s^2)
g_L=2
k_B=1.24753e-5
#[k_B]=(kg*a^2)/(K*s^2)
#print_and_save_each:
obsPrintSweepNum1=11000
obsPrintSweepNum2=11000
obsPrintSweepNum3=180000
obsPrintSweepNum4=18000
obsPrintSweepNum5=3000
obsPrintSweepNum6=1500
obsPrintSweepNum7=300
obsPrintSweepNum8=100
obsPrintSweepNum9=75
obsPrintSweepNum10=25
